RAW PROBABILTY DISTRIBUTION FOR EACH MODEL + Argmax below distribution (prediction), They are in order (image_0, image_1, ...)
Argmax is index of highest value in each array (ex. Argmax of the following: [0, 10, 5] would be 1 since 10 is the largest value and at an index of 1)

Default (SqueezeNet)
[ 0.0000,  0.0000,  9.4106, 13.2300,  3.1653, 14.6036,  4.5860,  5.8270, 0.0000,  0.0000]
[ 0.0000,  0.0000,  4.2104,  7.8480,  1.6359,  8.5941,  0.3252,  5.0195, 0.0000,  0.0000]
[ 0.0000,  0.0000,  3.3275, 13.6675,  1.8809, 10.7543,  5.4973,  1.0318, 0.0000,  0.0000]
[ 0.0000,  0.0000,  5.0815,  4.9702,  0.5929,  8.5318,  0.9673,  1.3622, 0.0000,  0.0000]
[ 0.0000,  0.0000,  1.0937,  9.0046,  0.9699,  8.9741,  0.7578,  2.0618, 0.0000,  0.0000]
[ 0.0000,  0.0000, 11.4687,  8.3844,  0.9374,  8.9177,  1.9578,  3.2145, 0.0000,  0.0000]
[ 0.0000,  0.0000,  6.0058,  9.8267,  3.0370, 11.3454,  3.2882,  4.2686, 0.0000,  0.0000]
[ 0.0000,  0.0000,  6.9852,  6.4310,  1.5607,  6.2289,  4.3165,  3.2739, 0.0000,  0.0000]
[ 0.0000,  0.0000, 10.3789,  2.4000,  2.9223,  0.5068,  0.7879,  0.0000, 0.0000,  0.0000]
[ 0.0000,  0.0000,  3.8172, 10.1518,  1.3299, 10.8210,  0.1639,  5.5819, 0.0000,  0.0000]
Argmax: [5, 5, 3, 5, 3, 2, 5, 2, 2, 5]

resnet18
[ -6.7788,  -5.8673,   0.8590,  -1.1471,  -5.8746,   5.9616,  -3.9917, -4.0208,  -9.4476,  -8.6063]
[ -4.9504,  -6.8454,  -5.4354,   6.1483,  -5.9786,   1.8226,  -4.1939, -4.6286,  -9.2316,  -5.4981]
[ -9.6708,  -7.2961,  -5.9641,   4.3024,  -4.5030,   6.7263,  -6.0314, -4.9465, -10.4270, -11.7118]
[ -6.5485,  -6.1182,  -5.0795,   6.2187,  -2.6784,  -0.5451,  -7.4402, -5.7816,  -7.9694,  -3.2879]
[ -5.4515,  -6.9163,  -1.8646,   0.9611,  -4.9837,   5.9579,  -3.5690, -5.2002, -10.2721,  -8.5382]
[ -4.9768,  -5.3059,   4.9321,  -0.9795,  -5.1283,  -1.0227,  -4.3070, -5.2741,  -3.8299,  -7.8409]
[ -8.0676,  -7.4355,  -2.4243,  -1.0307,  -2.9945,   5.8994,  -4.4526, -2.0735,  -7.5529,  -8.0132]
[ -2.7401,  -5.5987,  -0.9254,   5.0802,  -4.3120,  -2.2960,  -2.5078, -6.8281,  -8.2867,  -6.6556]
[ -2.9134,  -3.3731,  -0.8675,  -0.7663,  -0.6810,   0.7182,  -4.2593, -6.1460,  -6.9626,  -5.8620]
[ -4.8493,  -5.6174,  -3.5040,   4.0187,  -5.5284,   2.1563,  -4.0534, -3.7154,  -7.6735,  -5.5066]
Argmax: [5, 3, 5, 3, 5, 2, 5, 3, 5, 3]

resnet50
[-4.1380e+00, -4.8106e+00, -5.0733e-01,  1.2104e+00, -4.5053e+00, 4.4759e+00,  3.2572e-01, -3.6686e+00, -5.1305e+00, -4.3385e+00]
[-5.7479e+00, -5.1495e+00, -2.9822e+00,  1.5859e+00, -2.5536e+00, 5.7630e+00, -2.1921e+00, -2.3820e+00, -5.0886e+00, -4.3111e+00]
[-4.7532e+00, -3.6779e+00, -3.0167e+00,  2.1930e+00, -2.6996e+00, 4.5616e+00, -1.4443e+00, -2.6661e+00, -4.8992e+00, -4.1524e+00]
[-2.5941e+00, -4.2741e+00, -3.8006e+00,  4.5975e-01, -4.0547e+00, 1.0847e+00, -2.7575e+00, -2.5709e+00, -2.1846e+00,  1.6038e+00]
[-1.7345e+00, -5.0683e+00, -2.4476e-01,  3.4766e+00, -1.6861e+00, 2.0185e+00, -4.6364e+00, -2.1064e+00, -6.2985e+00, -5.2758e+00]
[-1.6452e+00, -4.9281e+00,  5.0894e+00, -1.3236e+00, -5.7013e+00, -5.6346e-01, -3.0503e+00, -4.3199e+00, -3.1639e+00, -3.5198e+00]
[-5.5487e+00, -4.8054e+00,  2.2591e-01, -5.4975e-01, -2.4797e+00, 3.3821e+00, -3.7720e-01, -2.6433e+00, -3.7527e+00, -3.2079e+00]
[-4.2524e+00, -5.4154e+00, -1.0114e+00,  3.8043e-01,  1.6213e-01, 3.2307e+00, -7.2515e-01, -3.7608e+00, -3.4437e+00, -4.7477e+00]
[-9.2039e-01,  3.2562e-02, -1.4928e+00, -5.6828e-01, -4.7618e+00, -1.8967e-01, -3.2765e+00, -3.6384e+00, -4.3572e+00,  1.2869e+00]
[-3.5148e+00, -3.4324e+00, -1.6588e+00,  3.6701e-01,  6.0319e-01, 3.6938e-01, -3.7978e+00, -1.3175e-03, -3.9863e+00, -9.1750e-01]
Argmax: [5, 5, 5, 9, 3, 2, 5, 5, 9, 4]

mobilenet
[-5.6280, -5.8069,  0.2119,  1.4097, -2.5683,  3.7372, -2.2843, -1.9409, -5.0577, -7.3535]
[-6.9283, -7.8703, -0.5619, -0.1926, -3.2005,  5.2651, -2.3593, -2.2950, -5.4995, -7.4385]
[-7.6601, -8.1580, -0.5324, -0.0465, -3.4366,  5.5610, -2.6949, -2.6741, -5.6340, -7.8266]
[-4.9165, -5.2252,  0.8095,  0.9390, -3.6482,  2.0776, -1.4796, -0.1253, -2.4703, -4.9514]
[-4.3868, -4.1036,  0.7479,  0.7079, -0.8176,  2.2758, -0.8005, -1.7034, -4.7244, -4.7782]
[-3.7667, -4.1115,  2.4239,  1.3948, -2.5389,  0.3279, -1.6513, -2.4315, -2.9317, -5.3900]
[-5.1055, -5.5266, -0.3163, -0.1126, -3.3695,  3.8109, -2.5418, -2.7365, -2.7636, -4.5220]
[-2.7443, -4.1802,  1.6360,  0.7020, -2.5081,  0.9414,  0.0258, -2.6172, -2.1461, -4.1234]
[-3.7259, -5.6743,  0.3845,  3.1786, -0.9097, -1.7416, -2.1760, -1.8581, -3.9288, -3.6637]
[-3.5139, -5.1524,  1.0341,  0.9068, -1.7137,  2.4630, -1.4254, -1.5661, -3.7234, -4.9018]
Argmax: [5, 5, 5, 5, 5, 2, 5, 2, 3, 5]

vgg11
[ -3.5538,  -5.2292,   1.8404,   0.3559,  -0.8228,   1.7133,  -1.0314, -2.3374,  -5.5729,  -4.5918],
[ -6.9558,  -5.1343,  -1.3040,   1.4136,  -2.8184,   4.5377,  -2.2429, -1.9943,  -8.3697,  -4.3707],
[ -4.4352,  -3.8510,  -0.7107,   1.4125,  -1.5746,   2.7414,  -1.5480, -1.3733,  -5.4475,  -2.9786],
[ -4.8440,  -4.1447,  -0.7547,   1.4763,  -1.7271,   3.0251,  -1.6301, -1.5294,  -5.9104,  -3.2656],
[-13.7515,  -9.7259,  -2.4570,   2.3101,  -5.6199,   9.2423,  -4.2551, -4.1693, -16.3038,  -8.7784],
[ -4.4610, -10.2189,   5.6486,  -1.3789,   0.6770,   0.1730,  -3.2224, -4.9103,  -8.5989,  -9.3101],
[ -6.4310,  -5.6255,  -1.2181,   1.0734,  -2.0435,   4.1569,  -3.1190, -0.4235,  -8.4042,  -4.3687],
[ -4.0406,  -3.7168,  -0.4941,   1.3020,  -1.4402,   2.5072,  -1.4802, -1.2317,  -5.0875,  -2.8389],
[-10.1300,  -8.1113,  -1.5185,   2.0828,  -3.5724,   6.6780,  -3.5346, -2.6399, -12.2735,  -6.8874],
[ -8.9813,  -6.5653,  -1.2202,   1.1699,  -4.0729,   6.0908,  -2.8038, -2.8054, -11.0002,  -5.9661]
Argmax: [2, 5, 5, 5, 5, 2, 5, 5, 5, 5]

vgg19
[-3.7660, -3.2712, -0.8521,  2.0142, -1.9206,  3.7273, -1.5744,  0.2601, -3.9056, -3.4859]
[-3.1623, -3.3304, -0.4562,  2.3589, -1.2244,  2.4753, -0.7459,  0.0845, -3.4337, -3.0432]
[-4.8002, -3.8261, -1.2053,  1.9796, -2.6405,  5.0102, -2.4775,  0.3064, -4.8737, -4.3841]
[-3.3448, -3.1736, -0.6518,  2.1342, -1.5541,  3.0596, -1.0977,  0.2166, -3.5294, -3.1472]
[-3.5185, -3.1993, -0.7463,  2.0722, -1.7273,  3.3671, -1.3105,  0.2386, -3.6838, -3.2890]
[-0.6027, -5.1786,  3.2824, -0.2396,  0.7265, -1.3055, -0.5444, -1.8712, -3.5404, -3.6568]
[-3.4703, -3.1907, -0.7197,  2.0903, -1.6829,  3.2847, -1.2497,  0.2309, -3.6409, -3.2494]
[-3.0537, -3.4763, -0.3215,  2.4893, -1.0381,  2.0435, -0.5270, -0.1063, -3.4064, -3.0328]
[-2.9048, -3.4626, -0.2190,  2.5135, -0.9349,  1.5475, -0.2520, -0.4737, -3.2351, -2.9604]
[-3.1672, -3.3235, -0.4625,  2.3529, -1.2351,  2.4945, -0.7558,  0.0900, -3.4347, -3.0445]
Argmax: [5, 5, 5, 5, 5, 2, 5, 3, 3, 5]